Date,Trips over the past 24-hours (midnight to 11:59pm),Cumulative trips (since launch):,Miles traveled today (midnight to 11:59 pm),Miles traveled to date:,Total Annual Memberships Sold,Annual Member Sign-Ups (midnight to 11:59 pm),24-Hour Passes Purchased (midnight to 11:59 pm),7-Day Passes Purchased (midnight to 11:59 pm)
7/1/14,37970,10128526,61.17,"17,582,465",114434,126,955,120
7/2/14,28765,10157291,44.192,"17,626,657",114560,160,688,92
7/3/14,30078,10187369,48.573,"17,675,230",114720,124,819,88
7/4/14,14850,10202219,27.905,"17,703,135",114844,48,1196,77
7/5/14,25116,10227335,55.725,"17,758,860",114892,86,2566,127
7/6/14,26615,10253950,65.358,"17,824,218",114978,114,2392,111
7/7/14,35075,10289025,59.834,"17,884,052",115092,195,905,160
7/8/14,35734,10324759,57.828,"17,941,880",115287,171,740,120
7/9/14,37588,10362347,60.912,"18,002,792",115446,159,879,127
7/10/14,39779,10402126,66.239,"18,069,031	",115605,159,1052,115
7/11/14,38416,10440542,65.516,"18,134,547",115711,106,1339,93
7/12/14,31413,10471955,63.664,"18,198,211",115810,99,2697,115
7/13/14,27089,10499044,50.105,"18,248,316",115914,104,1713,91
7/14/14,28173,10527217,43.222,"18,291,538",116026,112,637,93
7/15/14,24993,10552210,37.092,"18,328,630",116142,116,410,58
7/16/14,38610,10590820,63.616,"18,392,246",116245,103,959,116
7/17/14,41996,10632816,70.061,"18,462,307",116361,116,1114,110
7/18/14,39526,10672342,69.416,"18,531,723	",116472,111,1502,148
7/19/14,31943,10704285,64.395,"18,596,118",116551,79,2796,130
7/20/14,33156,10737441,68.542,"18,664,660",116669,118,2767,146
7/21/14,38963,10776404,64.824,"18,729,484",116812,143,1162,129
7/22/14,40450,10816854,67.081,"18,796,565",116969,157,992,127
7/23/14,37508,10854362,59.956,"18,856,521",117090,121,816,126
7/24/14,40419,10894781,67.584,"18,924,105",117229,139,1064,109
7/25/14,39768,10934549,68.652,"18,992,757",117340,111,1457,105
7/26/14,29882,10964431,59.645,"19,052,402",117427,87,2428,92
7/27/14,29669,10994100,58.193,"19,110,595",117530,103,2108,115
7/28/14,36360,11030460,59.567,"19,170,162	",117703,173,877,150
7/29/14,41198,11071658,68.064,"19,238,226",117930,227,1089,128
7/30/14,41207,11112865,68.127,"19,306,353",118075,145,1116,99
7/31/14,39282,11152147,65.414,"19,371,767",118204,129,1065,113
8/1/14,35829,11187976,59.202,"19,430,969",118314,110,1192,93
8/2/14,30013,11217989,60.544,"19,490,171",118408,94,2540,127
8/3/14,27854,11245843,55.867,"19,546,038",118555,147,2146,96
8/4/14,37408,11283251,63.737,"19,609,775",118704,149,1097,165
8/5/14,38168,11321419,63.957,"19,673,732",118830,126,1059,119
8/6/14,39942,11361361,66.342,"19,740,074",118938,108,1067,144
8/7/14,39933,11401294,67.398,"19,807,472",119047,109,1083,129
8/8/14,37367,11438661,64.33,"19,871,802",119137,90,1342,111
8/9/14,35701,11474362,81.003,"19,952,805",119244,107,3814,151
8/10/14,29339,11503701,61.287,"20,014,092",119351,107,2303,131
8/11/14,36837,11540538,61.708,"20,075,800",119495,144,1167,132
8/12/14,28591,11569129,41.88,"20,117,680",119584,89,526,90
8/13/14,30698,11599827,49.367,"20,167,047",119693,109,661,98
8/14/14,38863,11638690,67.924,"20,234,971",119789,96,1069,128
8/15/14,35524,11674214,60015,20294986,119869,80,1198,117
8/16/14,36127,11710341,83272,20378258,119962,93,4217,155
8/17/14,30223,11740564,61390,20439648,120069,107,2344,121
8/18/14,37851,11778415,64873,20504521,120227,158,1156,157
8/19/14,38912,11817327,65883,20570404,120356,129,965,140
8/20/14,39090,11856417,66900,20637304,120470,114,1057,110
8/21/14,36917,11893334,62373,20699677,120598,128,960,107
8/22/14,33147,11926481,54765,20754442,120688,90,863,81
8/23/14,28956,11955437,57270,20811712,120769,81,2254,98
8/24/14,30422,11985859,65005,20876717,120884,115,2528,125
8/25/14,36244,12022103,60866,20937583,121050,166,1007,146
8/26/14,37937,12060040,62487,21000070,121157,107,937,124
8/27/14,36900,12096940,61488,21061558,121292,135,829,83
8/28/14,37055,12133995,62402,21123960,121423,131,982,83
8/29/14,34292,12168287,59371,21183331,121522,99,1329,109
8/30/14,25239,12193526,52782,21236113,121610,88,2442,99
8/31/14,20097,12213623,41594,21277707,121690,80,1952,89
9/1/14,26055,12239678,51270,21328977,121809,119,2083,105
9/2/14,34005,12273683,53842,21382819,121979,170,693,121
9/3/14,38998,12312681,62736,21445555,122124,145,789,148
9/4/14,40022,12352703,64563,21510118,122248,124,816,125
9/5/14,38325,12391028,64421,21574539,122356,108,1111,121
9/6/14,28290,12419318,51519,21626058,122438,82,1674,105
9/7/14,32524,12451842,65394,21691452,122555,117,2222,115
9/8/14,38091,12489933,60610,21752062,122697,142,818,118
9/9/14,38101,12528034,59026,21811088,122818,121,620,99
9/10/14,41634,12569668,69561,21880649,122915,97,981,104
9/11/14,40864,12610532,65798,21946447,123006,91,844,90
9/12/14,41341,12651873,75561,22022008,123111,105,1195,103
9/13/14,19110,12670983,31600,22053608,123192,81,842,67
9/14/14,31589,12702572,62963,22116571,123309,117,2290,117
9/15/14,39044,12741616,64983,22181554,123421,112,858,118
9/16/14,28285,12769901,43250,22224804,123521,100,484,61
9/17/14,41347,12811248,67758,22292562,123636,115,916,121
9/18/14,41145,12852393,67840,22360402,123718,82,887,115
9/19/14,38162,12890555,62500,22422902,123796,78,979,90
9/20/14,32951,12923506,64838,22487740,123850,54,2464,122
9/21/14,28530,12952036,54319,22542059,123926,76,1693,90
9/22/14,36624,12988660,59024,22601083,124044,118,748,84
9/23/14,40105,13028765,66590,22667673,124124,80,841,106
9/24/14,38976,13067741,62834,22730507,124230,106,719,100
9/25/14,18282,13086023,26019,22756526,124291,61,165,24
9/26/14,38394,13124417,66227,22822753,124376,85,1297,118
9/27/14,33322,13157739,69724,22892477,124433,57,2712,118
9/28/14,32080,13189819,64811,22957288,124532,99,2259,129
9/29/14,36896,13226715,59305,23016593,124645,113,689,114
9/30/14,39061,13265776,59970,23076563,124734,89,613,65